,user,hr_mean,hr_median,hr_std,is_test,medoid_cluster,has_model
0,APGIB2T,82.54,80.0,10.81,0,2,1
1,A9ZG5GR,68.06,67.0,11.95,0,4,0
2,A0N9NV4,81.63,80.0,14.15,0,2,0
3,AKTGD8X,74.63,70.0,14.68,0,4,0
4,AE2B3RH,87.79,82.0,18.86,0,6,0
5,A2XFW2N,73.39,70.0,15.79,0,4,0
6,A4H7SNF,87.08,85.0,13.8,0,2,0
7,APDJ1QP,90.22,87.0,16.49,0,2,0
8,AGYQJEL,77.53,74.0,13.01,0,4,0
9,A4G0044,71.19,68.0,14.6,0,4,1
10,ARR2IKE,79.81,79.0,14.14,0,2,0
11,ATHBFWX,82.07,80.0,12.61,0,2,0
12,A8QLAB0,84.24,82.0,12.29,0,2,0
13,AEZDKVO,68.08,66.0,10.52,0,4,0
14,AFHOHOM,72.22,70.0,13.22,0,4,0
15,A5XL2IC,70.3,66.0,14.64,0,4,0
16,AIFDJZB,83.34,76.0,21.08,0,6,1
17,AYWIEKR,81.75,79.0,15.13,0,2,1
18,AJ0DKQ3,69.51,64.0,18.07,0,8,0
19,AJMQUVV,91.62,88.0,15.26,0,2,0
20,AQ25Y0L,81.67,79.0,16.28,0,6,0
21,A2D7K4A,69.31,67.0,12.62,0,4,0
22,AOS4BSJ,83.91,81.0,14.32,0,2,0
23,AJWW3IY,76.65,76.0,13.53,0,4,1
24,A3ADWUT,,,,0,4,0
25,AD77K91,85.25,87.0,14.86,0,2,0
26,AZ2RYW7,81.76,79.0,15.01,0,2,0
27,AF3J1YC,80.81,78.0,18.16,0,6,0
28,ATHKM6V,63.36,62.0,9.25,0,4,0
29,A65HVGP,58.14,56.0,14.73,0,8,0
30,ARFYLMK,55.93,53.0,15.52,0,8,0
31,A7EAWA7,84.25,78.0,21.05,0,6,0
32,AGA8XUN,85.9,84.0,12.49,0,2,0
33,AOGFRXL,81.79,77.0,16.26,0,6,0
34,A17YCA2,69.9,67.0,15.62,0,8,0
35,A0VFT1N,75.43,73.0,17.33,0,6,1
36,AOQA85X,67.48,63.0,15.55,0,8,0
37,A4E0D03,80.44,80.0,14.03,0,2,1
38,AHYIJDV,73.14,70.0,14.09,0,1,1
39,AOB9SON,81.18,79.0,14.11,0,2,0
40,ASFODQR,74.12,67.0,23.36,0,8,1
41,A99ZKKW,95.77,94.0,14.44,0,0,0
42,AUCGUF3,67.45,64.0,12.87,0,8,0
43,AK7YRBU,79.62,77.0,13.66,0,1,0
44,AXCO7I9,69.58,68.0,14.14,0,1,0
45,A1ZJ41O,74.27,73.0,11.81,0,1,0
46,A8CBEJZ,77.64,75.0,17.06,0,6,0
47,ALKAXMZ,95.78,95.0,13.58,0,0,0
48,AO20DS4,67.77,65.0,10.71,0,1,0
49,AXD3W8O,75.35,72.0,13.68,0,1,0
50,AFPB8J2,74.69,73.0,12.84,0,1,0
51,AX6281V,67.49,63.0,16.49,0,8,1
52,A7EM0B6,71.5,68.0,15.13,0,8,1
53,AEOBCFJ,73.86,69.0,15.78,0,1,0
54,AWRBUQZ,83.87,79.0,16.86,0,6,0
55,A0822M0,75.65,73.0,12.71,0,1,0
56,ALZDAVZ,76.57,73.0,15.27,0,1,0
57,AKXN5ZZ,76.82,76.0,11.52,0,1,1
58,AHP25OJ,99.58,101.0,16.73,0,0,0
59,A36HR6Y,83.76,83.0,12.7,0,3,0
60,A11V1FH,61.52,59.0,11.83,0,8,0
61,A06L7KF,76.03,74.0,14.34,0,1,0
62,AJ7TSV9,94.82,90.0,19.36,0,0,0
63,AZ35PI5,80.75,78.0,15.97,0,1,0
64,AMV7EQF,94.81,96.0,16.01,0,0,1
65,AQC0L71,72.52,70.0,11.22,0,1,1
66,AHYR55C,101.45,93.0,28.6,0,0,0
67,A91HEZV,67.52,67.0,15.07,0,8,0
68,A2P3LTM,72.05,70.0,13.31,0,1,0
69,ATT9RR1,84.46,83.0,11.13,0,3,0
70,AKV66US,56.18,52.0,13.32,0,8,0
71,A1K5DRI,79.37,77.0,14.31,0,3,1
72,AY8TPMP,77.38,69.0,24.45,0,9,0
73,AUILKHG,67.07,66.0,11.4,0,1,0
74,AL3KT5B,71.22,70.0,14.22,0,7,0
75,AMQUHOQ,67.11,65.0,16.86,0,8,0
76,AAF9ACE,60.78,56.0,16.75,0,8,0
77,AFEFA29,85.68,84.0,10.27,0,3,0
78,AQR8ZSS,92.82,92.0,12.22,0,0,0
79,AR4FPCC,75.61,74.0,13.5,0,7,0
80,AA2KP1S,88.29,87.0,10.55,0,3,1
81,AX3KEW9,72.57,69.0,19.62,0,9,0
82,AZKZ0AI,84.75,83.0,10.03,0,3,0
83,A0L9BM2,81.27,80.0,14.31,0,3,0
84,AFVAEC7,79.05,77.0,17.13,0,3,0
85,AGKI03N,70.19,63.0,20.58,0,9,0
86,AL48GP3,76.26,69.0,19.24,0,9,0
87,A11SQQN,72.64,70.0,10.47,0,7,0
88,AF3MXM1,78.76,75.0,14.26,0,7,0
89,AXI1PBS,78.07,75.0,14.21,0,7,0
90,AAXAA7Z,73.64,69.0,17.66,0,7,1
91,AAGTWZK,83.0,81.0,13.24,0,3,0
92,AW4EXXK,81.14,78.0,15.37,0,3,0
93,ARYB2QO,69.71,63.0,24.82,0,9,0
94,A3OU183,81.55,80.0,10.14,0,3,1
95,AFYLHG4,88.13,86.0,14.77,0,3,0
96,APHNRSV,72.84,71.0,10.67,0,7,0
97,A0NVTRV,81.9,80.0,11.91,0,3,1
98,A45F9E6,74.8,71.0,13.8,0,7,0
99,AURCTAK,67.07,65.0,13.51,0,7,1
100,A6BUI4N,64.37,57.0,19.59,0,9,0
101,AE0MQ94,65.01,62.0,15.12,0,7,0
102,AXDWDEA,75.35,74.0,9.78,0,7,0
103,A35BJNV,69.57,64.0,20.75,0,9,0
104,AQ4TMLV,87.84,86.0,12.83,0,3,0
105,A6GEBIK,75.49,74.0,10.52,0,7,0
106,AYVQUF1,79.65,75.0,16.53,0,7,0
107,AF8R0I6,70.09,67.0,13.81,0,7,0
108,AYEFCWQ,96.48,95.0,14.33,0,0,1
109,AV2GF3B,76.95,73.0,16.6,0,7,1
110,AS2MVDL,85.2,84.0,11.9,0,3,1
111,AEOHH30,84.24,83.0,15.23,0,3,0
112,A0KX894,76.85,75.0,14.68,0,7,0
113,AOYM4KG,66.48,60.0,17.2,0,9,1
114,AZIK4ZA,72.77,66.0,20.8,0,9,0
115,AWA2KJK,94.74,95.0,15.29,0,0,0
116,AUY8KYW,66.73,63.0,16.74,0,9,1
117,test_39,74.56,73.4,10.25,1,5,0
118,test_28,70.28,69.91,7.04,1,5,0
119,test_31,68.59,68.0,7.3,1,5,0
120,test_3,63.34,62.11,7.41,1,5,0
121,test_1,50.95,50.12,4.64,1,5,0
122,test_34,70.26,68.93,7.23,1,5,0
123,test_20,53.99,53.16,5.7,1,5,0
124,test_27,63.29,60.64,10.7,1,5,0
125,test_25,58.78,58.2,4.33,1,5,0
126,test_14,57.37,57.0,4.47,1,5,0
127,test_7,55.8,55.11,4.82,1,5,0
128,test_22,73.28,73.11,8.93,1,5,0
129,test_2,55.44,54.0,6.44,1,5,0
130,test_30,59.23,58.24,5.68,1,5,0
131,test_32,63.94,61.55,9.92,1,5,0
132,test_26,58.9,56.46,8.62,1,5,0
133,test_5,55.87,56.66,7.1,1,5,0
134,test_9,62.29,61.32,7.57,1,5,0
135,test_10,63.53,63.0,4.95,1,5,0
136,test_35,39.72,39.0,3.43,1,5,0
137,test_15,66.45,66.0,5.2,1,5,0
138,test_36,54.83,54.0,4.34,1,5,0
139,test_33,69.79,68.34,7.18,1,5,0
140,test_19,59.15,58.48,6.41,1,5,0
141,test_17,56.98,55.71,5.86,1,5,0
142,test_13,72.41,71.6,5.33,1,5,0
143,test_38,80.31,79.82,9.25,1,5,0
144,test_8,66.72,66.37,5.6,1,5,0
145,test_24,65.74,65.44,5.42,1,5,0
146,test_23,80.36,80.0,7.5,1,5,0
147,test_16,55.82,54.0,8.85,1,5,0
148,test_12,66.34,65.88,6.95,1,5,0
149,test_11,61.92,61.0,5.45,1,5,0
150,test_40,59.66,59.0,6.43,1,5,0
151,test_37,73.47,72.88,6.03,1,5,0
152,test_29,57.94,57.0,6.61,1,5,0
153,test_4,61.62,58.0,11.95,1,5,0
154,test_6,66.85,66.0,4.88,1,5,0
155,test_21,67.34,66.69,6.55,1,5,0
156,test_18,62.31,59.0,11.12,1,5,0
